45.521557
47.15622
48.748283
49.48897
49.653336
50.083305
50.871998
52.361347
53.476612
53.596638
54.446835
54.454666
54.556618
54.604156
54.68899
55.039658
55.062595
55.119114
55.450005
55.660843
55.928684
56.995686
57.15673
57.25747
57.610283
58.138206
58.151077
58.45879
58.998745
59.24768
59.6745
59.99612
60.024933
60.055313
60.225693
60.28775
60.46318
60.50602
60.56955
60.620724
60.655174
60.74204
60.836033
60.89501
61.092773
61.09323
61.134758
61.208622
61.356514
61.471703
61.639477
62.095036
62.28547
62.419075
62.477943
62.53026
62.549713
62.60292
62.708885
62.795334
62.799065
62.97842
63.149837
63.185432
63.186256
63.21666
63.23845
63.281544
63.368122
63.37403
63.446056
63.496197
63.551346
63.632366
63.717476
63.746872
63.95013
63.95852
64.11803
64.152306
64.24591
64.378624
64.432205
64.47255
64.47294
64.55785
64.55785
64.64339
64.6554
64.700096
64.70322
64.70842
64.7423
64.801544
64.853645
64.87112
64.88165
64.90853
64.92231
64.93328
64.940125
65.04764
65.112335
65.159904
65.16481
65.1959
65.239555
65.26261
65.36474
65.513176
65.513176
65.513176
65.57885
65.581154
65.58616
65.619865
65.708145
65.71031
65.86232
65.89537
65.93378
66.05821
66.06106
66.14776
66.18412
66.314964
66.33971
66.38466
66.41473
66.420685
66.44726
66.48831
66.54072
66.61293
66.61293
66.62321
66.676735
66.71471
66.72966
66.83269
66.85461
67.008896
67.03673
67.091286
67.17999
67.19353
67.25168
67.291664
67.396324
67.46568
67.49403
67.49433
67.51624
67.574326
67.61594
67.621124
67.88855
67.89198
67.97031
67.97877
67.989075
67.990486
67.992455
68.04587
68.139275
68.13929
68.14165
68.20348
68.26577
68.27758
68.35886
68.45676
68.47956
68.523994
68.66608
68.77083
68.83138
68.8694
68.87005
68.87233
68.89638
68.91643
69.01053
69.01937
69.05712
69.07208
69.076225
69.09024
69.09594
69.15934
69.159904
69.16415
69.16973
69.195724
69.20734
69.25616
69.263336
69.273315
69.32384
69.324104
69.33999
69.34697
69.47742
69.509125
69.5166
69.52061
69.5264
69.55382
69.59204
69.59801
69.61741
69.67789
69.78073
69.79483
69.809326
69.82864
69.87917
69.92482
69.94913
70.0048
70.02822
70.04134
70.073875
70.07446
70.07606
70.09906
70.142815
70.15307
70.19323
70.1954
70.219925
70.229065
70.23083
70.27851
70.29585
70.31502
70.33564
70.36005
70.4051
70.42129
70.42214
70.4245
70.45648
70.52218
70.5382
70.54569
70.55885
70.55973
70.597626
70.59858
70.62508
70.69017
70.69899
70.69917
70.75888
70.78855
70.79283
70.84895
70.95547
70.96412
70.964386
71.00317
71.005615
71.01134
71.05808
71.09263
71.09813
71.105705
71.19473
71.200775
71.200775
71.239334
71.2412
71.37846
71.40622
71.45613
71.457436
71.461555
71.509735
71.55589
71.602646
71.602646
71.61423
71.64184
71.80576
71.80694
71.84795
71.87764
71.95076
71.97064
71.98424
72.03629
72.082596
72.12028
72.15018
72.20507
72.21154
72.2198
72.22274
72.24195
72.26377
72.26616
72.26616
72.26616
72.26616
72.28677
72.29894
72.30227
72.321655
72.32193
72.35153
72.35517
72.37196
72.4112
72.43224
72.43514
72.44981
72.47412
72.55703
72.58792
72.591866
72.63403
72.65937
72.66699
72.705124
72.705536
72.72768
72.72872
72.756546
72.80843
72.848495
72.92391
72.92737
72.94081
72.94983
72.96727
73.061676
73.06683
73.13165
73.1515
73.15254
73.15857
73.24901
73.32446
73.32485
73.35361
73.37211
73.417725
73.423355
73.5625
73.583176
73.58661
73.59214
73.59214
73.69297
73.736115
73.74151
73.77187
73.77187
73.77187
73.77188
73.77692
73.77692
73.78871
73.81128
73.82121
73.847534
73.926445
73.96823
74.001686
74.10111
74.17181
74.21198
74.24759
74.251595
74.26836
74.26836
74.26836
74.303474
74.3848
74.480286
74.48816
74.50002
74.52661
74.57127
74.658936
74.659294
74.735016
74.797485
74.835655
74.869736
74.87303
74.88269
74.88958
74.931046
74.95037
74.953026
75.028076
75.030266
75.06975
75.206085
75.21436
75.24593
75.2738
75.27731
75.28713
75.30201
75.31615
75.3184
75.33289
75.33289
75.3768
75.45272
75.45272
75.4725
75.48781
75.49801
75.55437
75.63463
75.635765
75.63604
75.63604
75.63604
75.68887
75.68984
75.7057
75.70606
75.722725
75.72919
75.803375
75.80871
75.81079
75.81079
75.847824
75.86116
75.889244
75.93062
75.933044
75.96027
75.967865
75.974625
75.975395
75.999344
76.009995
76.028595
76.03046
76.058304
76.06625
76.10198
76.15905
76.1668
76.18326
76.227745
76.23181
76.24093
76.24093
76.24536
76.27555
76.280075
76.28668
76.30096
76.31382
76.33558
76.34265
76.3457
76.35153
76.365105
76.366295
76.39018
76.39018
76.39478
76.39896
76.42006
76.50175
76.605804
76.6219
76.656364
76.68823
76.697815
76.705246
76.80757
76.847496
76.86105
76.87161
76.87239
76.96277
76.966324
76.99161
77.08505
77.086754
77.14596
77.15077
77.18697
77.208694
77.23576
77.24443
77.30014
77.39525
77.395256
77.43336
77.451065
77.51725
77.531265
77.531265
77.53851
77.56623
77.58756
77.58756
77.61883
77.62312
77.637985
77.65688
77.67661
77.68245
77.69303
77.73614
77.766136
77.781395
77.84592
77.87808
77.936745
77.96274
77.97035
77.986725
78.02507
78.02954
78.060684
78.12395
78.12933
78.136505
78.14487
78.15816
78.18336
78.18336
78.239044
78.25247
78.32719
78.379616
78.415016
78.4156
78.415665
78.5082
78.50821
78.54208
78.56265
78.63341
78.73482
78.75428
78.78684
78.92874
78.94673
79.03978
79.067184
79.074615
79.15224
79.201965
79.24273
79.26848
79.269516
79.37032
79.41232
79.45402
79.53075
79.53075
79.54197
79.603096
79.62296
79.70365
79.7399
79.99571
80.08533
80.092476
80.15157
80.177414
80.20388
80.27811
80.29007
80.33614
80.34957
80.40416
80.4042
80.40422
80.40697
80.45023
80.45329
80.4829
80.60332
80.60422
80.64206
80.70582
80.76559
80.852806
80.8577
80.85836
80.86098
80.91018
81.01453
81.06473
81.11393
81.16796
81.20537
81.29412
81.314545
81.41121
81.419395
81.48329
81.6258
81.715546
81.95263
81.9561
82.00483
82.04344
82.08269
82.150505
82.267204
82.40224
82.41448
82.60441
82.61355
82.61916
82.627754
82.69991
82.76078
82.84073
82.85053
82.98458
83.192215
83.19868
83.19868
83.27455
83.411255
83.43848
83.45453
83.50658
83.57184
83.6985
83.757744
83.79813
83.79813
83.79813
83.89174
83.949295
84.05825
84.108536
84.12071
84.21837
84.21894
84.35244
84.44722
84.477486
84.50839
84.52307
84.56174
84.6116
84.676056
84.8007
84.83496
85.234924
85.35864
85.4744
85.714096
85.975914
86.17572
86.18652
86.1897
86.30293
86.338425
86.34958
86.445366
86.60474
86.62516
86.69507
86.95235
86.977516
87.27871
87.77904
88.033646
88.29945
88.40299
88.721176
89.54447
89.6751
89.83264
90.06676
90.06676
90.52889
90.97346
91.01668
92.075
92.593
93.01843
93.38075
93.38649
93.53912
94.399734
94.69029
94.704
94.9871
95.77413
97.24434
97.24434
97.24434
