0.102556005
0.11089879
0.114266604
0.114324816
0.114415884
0.11487359
0.11512695
0.11549835
0.11747281
0.118042015
0.11814442
0.119203195
0.11985519
0.12035224
0.120732754
0.1208341
0.12175838
0.122204974
0.12225297
0.12236167
0.12256225
0.122829735
0.12290083
0.12324692
0.12344414
0.12435156
0.12436472
0.124593586
0.12603149
0.1260694
0.12677555
0.12697665
0.12817469
0.12836629
0.12919448
0.12926601
0.1296368
0.12973504
0.13065226
0.13094792
0.13107288
0.1313667
0.13143432
0.13167726
0.13172668
0.13263984
0.13264862
0.13283151
0.13366893
0.13416713
0.13419074
0.13419214
0.13467085
0.13479906
0.1348215
0.1348931
0.13526917
0.1353307
0.13535082
0.13535808
0.1354777
0.1356115
0.13577326
0.13577843
0.13589555
0.13591158
0.13608326
0.13618486
0.136218
0.13656369
0.13669597
0.13684393
0.13701133
0.13702123
0.1372205
0.13727082
0.13740458
0.13763392
0.1377573
0.13777438
0.13777438
0.13777791
0.13801841
0.1380519
0.13813815
0.13833858
0.13860604
0.1388331
0.13884592
0.13885011
0.13887185
0.138917
0.13893543
0.13906106
0.13913348
0.13916779
0.13926831
0.13933045
0.13948499
0.13951911
0.13955116
0.13969532
0.13970256
0.13971727
0.13986835
0.1400198
0.14009577
0.14014617
0.14035514
0.1405299
0.14056742
0.14070186
0.14096358
0.14099982
0.14115185
0.14118637
0.14140959
0.14143619
0.14160009
0.14174215
0.14184028
0.1418894
0.14199293
0.14201887
0.14210515
0.14214134
0.14214827
0.1422023
0.14230834
0.14236891
0.14238502
0.14247558
0.1425455
0.14263046
0.14289425
0.14290887
0.14297587
0.14297736
0.14297736
0.14297736
0.14323056
0.14323992
0.14333387
0.14337364
0.14337522
0.14343968
0.14357105
0.14387235
0.14387245
0.14387392
0.14390211
0.14403775
0.14422944
0.14423516
0.14423591
0.14424428
0.14447394
0.14457521
0.14465855
0.144684
0.14474083
0.1447484
0.1447581
0.14496373
0.145016
0.14503834
0.14519078
0.14521752
0.14530724
0.14530727
0.14530727
0.14530727
0.14543292
0.14558929
0.1456674
0.14577138
0.14586182
0.14587104
0.14587487
0.14612627
0.14627095
0.14632559
0.14639583
0.14644928
0.1464591
0.1465453
0.14657257
0.1465847
0.14679039
0.14688069
0.14690132
0.14698675
0.1470043
0.14703624
0.14708644
0.1471786
0.14725295
0.14728728
0.14733903
0.14744467
0.14751837
0.14753594
0.14759782
0.14761797
0.14763169
0.14772749
0.14778458
0.14790964
0.1480086
0.14804433
0.14804807
0.14805146
0.14819156
0.14835005
0.14835958
0.14856023
0.14861801
0.14865583
0.14871612
0.14872633
0.14872633
0.14872633
0.14872633
0.14878392
0.14879987
0.14894453
0.14907975
0.14917202
0.14917836
0.14919382
0.14928304
0.14928524
0.14932396
0.14946903
0.14948806
0.14949137
0.14951052
0.14955494
0.1495587
0.14956899
0.14956899
0.14957982
0.14960755
0.14967585
0.14972624
0.14977857
0.1497786
0.14977884
0.14982687
0.14983284
0.14987242
0.14988138
0.14998728
0.15007447
0.15016375
0.15019737
0.15025002
0.15025356
0.15033184
0.15033384
0.15050434
0.15060258
0.15066318
0.15066318
0.15066318
0.1506661
0.15082343
0.15086667
0.15095048
0.15109313
0.15110275
0.15113407
0.1512335
0.15145011
0.15149923
0.15152217
0.15154278
0.15154386
0.15156788
0.15157107
0.15157531
0.15172604
0.15172935
0.15193862
0.15216683
0.15219732
0.15220872
0.15223157
0.15228674
0.15240712
0.15251379
0.15252262
0.15255152
0.15257262
0.15257378
0.1526176
0.15262994
0.1527073
0.15274054
0.15280473
0.15281667
0.15287662
0.15288125
0.15291107
0.15298636
0.15300314
0.15304807
0.15305237
0.15316156
0.15322706
0.15328978
0.15329024
0.1533207
0.15340102
0.15376747
0.15376747
0.15383208
0.15387595
0.15409341
0.15413016
0.15423092
0.1542703
0.15437685
0.15439394
0.15442218
0.15443215
0.15452227
0.15452269
0.15454648
0.15457955
0.15462206
0.15483929
0.15503547
0.15503547
0.155111
0.15512241
0.15515333
0.15524472
0.15527816
0.15532319
0.15534882
0.15536723
0.15540752
0.15544283
0.15557647
0.15569794
0.15572344
0.1557447
0.15575913
0.15578273
0.15579554
0.15584384
0.15588152
0.1559243
0.15594192
0.15601783
0.15601783
0.15605068
0.15605249
0.15605456
0.15631643
0.15635855
0.1564461
0.15649843
0.15662584
0.15670499
0.15676507
0.15685333
0.15685463
0.15691894
0.15695673
0.15714216
0.15714933
0.1571707
0.15719719
0.1572643
0.15726471
0.15734152
0.15739633
0.15739633
0.15739633
0.1574367
0.15746075
0.15746188
0.1575045
0.15759112
0.15768383
0.15775043
0.15789764
0.15794986
0.15795025
0.15797344
0.15804827
0.15804923
0.15807943
0.15813516
0.15815862
0.15826902
0.1583004
0.15836975
0.1584048
0.15841097
0.15841097
0.15851386
0.1585703
0.15857211
0.15859659
0.15864065
0.1586771
0.15869278
0.15885201
0.1588533
0.15894715
0.15899503
0.15903813
0.15904674
0.1590932
0.15912676
0.15916206
0.15917832
0.15921926
0.15923758
0.15929875
0.15932257
0.15935889
0.15941459
0.15944652
0.15950096
0.1595246
0.15955271
0.15957284
0.15958329
0.15964325
0.1596461
0.15972558
0.15974371
0.15976036
0.15979242
0.15998985
0.16009969
0.16010448
0.16011177
0.16021305
0.16023445
0.1602894
0.1604299
0.16043884
0.16056426
0.16060647
0.16070887
0.16073632
0.16073632
0.16079341
0.16079341
0.16086832
0.16100991
0.16103616
0.16106501
0.16110697
0.16121653
0.16122414
0.16123573
0.16123573
0.16134474
0.16134885
0.16138113
0.16141254
0.161521
0.16171154
0.16171154
0.16181189
0.16188616
0.16190904
0.16198015
0.16200498
0.16203055
0.1622225
0.16233173
0.1623433
0.16238502
0.16241279
0.16246524
0.16254283
0.16260853
0.16265419
0.16265456
0.1626649
0.16268212
0.16271701
0.16282418
0.16285218
0.16290122
0.16294742
0.16295947
0.16300529
0.16319747
0.16339391
0.16341595
0.16344437
0.16372791
0.16373211
0.1638632
0.16392043
0.16392472
0.16396578
0.16396925
0.16403404
0.16403404
0.16408424
0.16415694
0.16419636
0.16426927
0.16436169
0.1643708
0.16445382
0.16446504
0.16448826
0.16449924
0.16450019
0.16451436
0.16470847
0.16484244
0.16497903
0.16502771
0.16519994
0.16527727
0.16529317
0.16533785
0.16534787
0.16538475
0.16542234
0.16542234
0.16543655
0.16553296
0.16563988
0.16563989
0.16566351
0.16566569
0.16582814
0.16592816
0.16598111
0.16609539
0.16620676
0.16638315
0.1664015
0.166417
0.16644348
0.16644911
0.16648835
0.16656199
0.16664568
0.16668464
0.16673568
0.1668219
0.16697001
0.16697165
0.16701455
0.16711135
0.16716187
0.16720828
0.16732773
0.16751587
0.16762054
0.16784799
0.16787985
0.16816315
0.16831249
0.16849142
0.16855809
0.16861609
0.16861609
0.16862674
0.16887456
0.16910654
0.16912836
0.16916648
0.16931798
0.1693393
0.1694102
0.16945302
0.16948786
0.1698785
0.1699706
0.17017743
0.17017743
0.17025611
0.17033409
0.17034243
0.17034246
0.17034246
0.17034362
0.1705574
0.17055827
0.17097636
0.17109096
0.17111477
0.17120141
0.17142224
0.17176518
0.17194661
0.17198628
0.17202435
0.17209467
0.17233795
0.17260481
0.17262268
0.17265916
0.17279203
0.1729504
0.17300254
0.17301059
0.17302069
0.17302963
0.17314343
0.17317036
0.17321777
0.17347598
0.1737886
0.17403892
0.17403892
0.1741458
0.17419642
0.17426212
0.17443
0.17462519
0.1748693
0.17498483
0.17519239
0.17544279
0.17547852
0.17558816
0.17580971
0.17619935
0.17623703
0.17673068
0.17703034
0.17772831
0.17801726
0.1780195
0.17801952
0.17816627
0.1781969
0.17841868
0.17864226
0.17896481
0.17898242
0.17924017
0.17928469
0.17967413
0.17991501
0.18032977
0.18067093
0.18116114
0.18185511
0.1823504
0.18262556
0.18269345
0.18320435
0.18377785
0.18393557
0.18454492
0.18456796
0.18502752
0.1852885
0.18578789
0.18602099
0.18615083
0.18672654
0.18689065
0.18692628
0.18693878
0.1871039
0.18740816
0.18829429
0.18839225
0.18845177
0.18845633
0.18847556
0.1887342
0.18873426
0.18895304
0.18913218
0.18913218
0.1900656
0.19088541
0.19154893
0.1922493
0.1925417
0.19420901
0.1949054
0.19571322
0.1995138
0.19975545
0.20066814
0.20071326
0.20405683
0.20791392
0.21129613
0.21608882
0.2796418
0.2796418
0.2796418
